Jan 23 10 53 2010
Feb 22  0 42 2010
Mar 23 11 00 2010
Apr 21 18 20 2010
May 20 23 43 2010
Jun 19  4 29 2010
Jul 18 10 10 2010
Aug 16 18 14 2010
Sep 15  5 50 2010
Oct 14 21 27 2010
Nov 13 16 39 2010
Dec 13 13 59 2010
Jan 12 11 31 2011
Feb 11  7 18 2011
Mar 12 23 45 2011
Apr 11 12 05 2011
May 10 20 33 2011
Jun  9  2 11 2011
Jul  8  6 29 2011
Aug  6 11 08 2011
Sep  4 17 39 2011
Oct  4  3 15 2011
Nov  2 16 38 2011
Dec  2  9 52 2011
Jan  1  6 15 2012
Jan 31  4 10 2012
Mar  1  1 21 2012
Mar 30 19 41 2012
Apr 29  9 57 2012
May 28 20 16 2012
Jun 27  3 30 2012
Jul 26  8 56 2012
Aug 24 13 54 2012
Sep 22 19 41 2012
Oct 22  3 32 2012
Nov 20 14 31 2012
Dec 20  5 19 2012
Jan 18 23 45 2013
Feb 17 20 31 2013
Mar 19 17 27 2013
Apr 18 12 31 2013
May 18  4 34 2013
Jun 16 17 24 2013
Jul 16  3 18 2013
Aug 14 10 56 2013
Sep 12 17 08 2013
Oct 11 23 02 2013
Nov 10  5 57 2013
Dec  9 15 12 2013
Jan  8  3 39 2014
Feb  6 19 22 2014
Mar  8 13 27 2014
Apr  7  8 31 2014
May  7  3 15 2014
Jun  5 20 39 2014
Jul  5 11 59 2014
Aug  4  0 50 2014
Sep  2 11 11 2014
Oct  1 19 32 2014
Oct 31  2 48 2014
Nov 29 10 06 2014
Dec 28 18 31 2014
Jan 27  4 48 2015
Feb 25 17 14 2015
Mar 27  7 43 2015
Apr 25 23 55 2015
May 25 17 19 2015
Jun 24 11 02 2015
Jul 24  4 04 2015
Aug 22 19 31 2015
Sep 21  8 59 2015
Oct 20 20 31 2015
Nov 19  6 27 2015
Dec 18 15 14 2015
