Jan 30  6 18 2010
Feb 28 16 38 2010
Mar 30  2 25 2010
Apr 28 12 18 2010
May 27 23 07 2010
Jun 26 11 30 2010
Jul 26  1 36 2010
Aug 24 17 05 2010
Sep 23  9 17 2010
Oct 23  1 36 2010
Nov 21 17 27 2010
Dec 21  8 13 2010
Jan 19 21 21 2011
Feb 18  8 36 2011
Mar 19 18 10 2011
Apr 18  2 44 2011
May 17 11 09 2011
Jun 15 20 14 2011
Jul 15  6 40 2011
Aug 13 18 57 2011
Sep 12  9 27 2011
Oct 12  2 06 2011
Nov 10 20 16 2011
Dec 10 14 36 2011
Jan  9  7 30 2012
Feb  7 21 54 2012
Mar  8  9 39 2012
Apr  6 19 19 2012
May  6  3 35 2012
Jun  4 11 12 2012
Jul  3 18 52 2012
Aug  2  3 27 2012
Aug 31 13 58 2012
Sep 30  3 19 2012
Oct 29 19 49 2012
Nov 28 14 46 2012
Dec 28 10 21 2012
Jan 27  4 38 2013
Feb 25 20 26 2013
Mar 27  9 27 2013
Apr 25 19 57 2013
May 25  4 25 2013
Jun 23 11 32 2013
Jul 22 18 15 2013
Aug 21  1 45 2013
Sep 19 11 13 2013
Oct 18 23 38 2013
Nov 17 15 16 2013
Dec 17  9 28 2013
Jan 16  4 52 2014
Feb 14 23 53 2014
Mar 16 17 08 2014
Apr 15  7 42 2014
May 14 19 16 2014
Jun 13  4 11 2014
Jul 12 11 25 2014
Aug 10 18 09 2014
Sep  9  1 38 2014
Oct  8 10 51 2014
Nov  6 22 23 2014
Dec  6 12 27 2014
Jan  5  4 53 2015
Feb  3 23 09 2015
Mar  5 18 05 2015
Apr  4 12 05 2015
May  4  3 42 2015
Jun  2 16 19 2015
Jul  2  2 20 2015
Jul 31 10 43 2015
Aug 29 18 35 2015
Sep 28  2 50 2015
Oct 27 12 05 2015
Nov 25 22 44 2015
Dec 25 11 11 2015
