Feb  5 23 48 2010
Mar  7 15 42 2010
Apr  6  9 37 2010
May  6  4 15 2010
Jun  4 22 13 2010
Jul  4 14 35 2010
Aug  3  4 59 2010
Sep  1 17 22 2010
Oct  1  3 52 2010
Oct 30 12 46 2010
Nov 28 20 36 2010
Dec 28  4 18 2010
Jan 26 12 57 2011
Feb 24 23 26 2011
Mar 26 12 07 2011
Apr 25  2 47 2011
May 24 18 52 2011
Jun 23 11 48 2011
Jul 23  5 02 2011
Aug 21 21 54 2011
Sep 20 13 39 2011
Oct 20  3 30 2011
Nov 18 15 09 2011
Dec 18  0 48 2011
Jan 16  9 08 2012
Feb 14 17 04 2012
Mar 15  1 25 2012
Apr 13 10 50 2012
May 12 21 47 2012
Jun 11 10 41 2012
Jul 11  1 48 2012
Aug  9 18 55 2012
Sep  8 13 15 2012
Oct  8  7 33 2012
Nov  7  0 36 2012
Dec  6 15 31 2012
Jan  5  3 58 2013
Feb  3 13 56 2013
Mar  4 21 53 2013
Apr  3  4 36 2013
May  2 11 14 2013
May 31 18 58 2013
Jun 30  4 53 2013
Jul 29 17 43 2013
Aug 28  9 35 2013
Sep 27  3 55 2013
Oct 26 23 40 2013
Nov 25 19 28 2013
Dec 25 13 48 2013
Jan 24  5 20 2014
Feb 22 17 15 2014
Mar 24  1 46 2014
Apr 22  7 52 2014
May 21 12 59 2014
Jun 19 18 39 2014
Jul 19  2 08 2014
Aug 17 12 26 2014
Sep 16  2 05 2014
Oct 15 19 12 2014
Nov 14 15 15 2014
Dec 14 12 51 2014
Jan 13  9 46 2015
Feb 12  3 50 2015
Mar 13 17 48 2015
Apr 12  3 44 2015
May 11 10 36 2015
Jun  9 15 42 2015
Jul  8 20 24 2015
Aug  7  2 03 2015
Sep  5  9 54 2015
Oct  4 21 06 2015
Nov  3 12 24 2015
Dec  3  7 40 2015
