Jan 15  7 11 2010
Feb 14  2 51 2010
Mar 15 21 01 2010
Apr 14 12 29 2010
May 14  1 04 2010
Jun 12 11 15 2010
Jul 11 19 40 2010
Aug 10  3 08 2010
Sep  8 10 30 2010
Oct  7 18 44 2010
Nov  6  4 52 2010
Dec  5 17 36 2010
Jan  4  9 03 2011
Feb  3  2 31 2011
Mar  4 20 46 2011
Apr  3 14 32 2011
May  3  6 51 2011
Jun  1 21 03 2011
Jul  1  8 54 2011
Jul 30 18 40 2011
Aug 29  3 04 2011
Sep 27 11 09 2011
Oct 26 19 56 2011
Nov 25  6 10 2011
Dec 24 18 06 2011
Jan 23  7 39 2012
Feb 21 22 35 2012
Mar 22 14 37 2012
Apr 21  7 18 2012
May 20 23 47 2012
Jun 19 15 02 2012
Jul 19  4 24 2012
Aug 17 15 54 2012
Sep 16  2 11 2012
Oct 15 12 02 2012
Nov 13 22 08 2012
Dec 13  8 42 2012
Jan 11 19 44 2013
Feb 10  7 20 2013
Mar 11 19 51 2013
Apr 10  9 35 2013
May 10  0 28 2013
Jun  8 15 56 2013
Jul  8  7 14 2013
Aug  6 21 51 2013
Sep  5 11 36 2013
Oct  5  0 34 2013
Nov  3 12 50 2013
Dec  3  0 22 2013
Jan  1 11 14 2014
Jan 30 21 38 2014
Mar  1  8 00 2014
Mar 30 18 45 2014
Apr 29  6 14 2014
May 28 18 40 2014
Jun 27  8 08 2014
Jul 26 22 42 2014
Aug 25 14 13 2014
Sep 24  6 14 2014
Oct 23 21 57 2014
Nov 22 12 32 2014
Dec 22  1 36 2014
Jan 20 13 14 2015
Feb 18 23 47 2015
Mar 20  9 36 2015
Apr 18 18 57 2015
May 18  4 13 2015
Jun 16 14 05 2015
Jul 16  1 24 2015
Aug 14 14 53 2015
Sep 13  6 41 2015
Oct 13  0 06 2015
Nov 11 17 47 2015
Dec 11 10 29 2015
